7.2567987 7.256488 7.250307 7.256481 7.256774 7.256437 7.2566595 7.2564664 7.2564917 7.2566495 7.256745 7.2567115 7.25679 7.2564335 7.256433 7.2567987 7.256485 7.2501383 7.25648 7.256774 7.2564387 7.256666 7.2564673 7.2564583 7.2566423 7.2567472 7.256711 7.2567897 7.2564325 7.2564325 7.2567987 7.256481 7.2499466 7.2564793 7.2567735 7.2564416 7.2566733 7.256469 7.256429 7.2566333 7.25675 7.2567105 7.256789 7.256432 7.2564316 7.256799 7.256477 7.249728 7.2564783 7.2567725 7.2564454 7.256683 7.2564697 7.256432 7.2566214 7.2567534 7.2567105 7.2567887 7.256431 7.2564306 7.256799 7.256472 7.2494907 7.2564774 7.256772 7.256449 7.2566924 7.256471 7.2564983 7.256611 7.2567563 7.2567105 7.2567883 7.2564297 7.256429 7.256799 7.256469 7.249257 7.2564754 7.2567716 7.256452 7.2566996 7.256472 7.256588 7.2566013 7.2567577 7.25671 7.2567873 7.256428 7.256427 7.256799 7.2564664 7.2490387 7.2564745 7.256771 7.2564535 7.2567034 7.256473 7.256649 7.256594 7.2567596 7.25671 7.256787 7.2564263 7.256425 7.2567987 7.2564645 7.248828 7.2564726 7.256771 7.2564545 7.256706 7.256474 7.2566867 7.256589 7.25676 7.25671 7.2567863 7.256424 7.256423 7.256799 7.256463 7.2486176 7.2564707 7.2567706 7.256455 7.256707 7.2564745 7.2567105 7.2565837 7.2567616 7.25671 7.2567863 7.2564225 7.2564206 7.256799 7.256462 [[4.7886480e-37 0.0000000e+00 2.2128586e-33 ... 8.5155823e-29
  1.1654991e-17 4.5747761e-18]] [[0.0000000e+00 6.7222404e-37 0.0000000e+00 ... 5.8228727e-38
  2.8196414e-28 2.1774237e-33]] [[1.7224827e-23 2.8681423e-26 2.4968022e-20 ... 1.7964808e-34
  3.2716460e-28 1.1278762e-21]] [[1.3273118e-28 8.5920461e-32 1.7053656e-24 ... 5.0748183e-24
  1.1786309e-15 2.2737037e-19]] [[1.48723789e-23 2.05445170e-33 2.60874113e-30 ... 3.81307043e-36
  1.30576994e-17 1.96478867e-18]] [[7.3545605e-19 2.1585723e-22 2.6724264e-28 ... 2.1371628e-22
  5.2623939e-31 1.2761852e-33]] [[2.3962194e-31 8.9124537e-30 3.1187647e-26 ... 3.5999837e-36
  2.8683246e-32 1.7650569e-15]] [[1.3654271e-18 7.3810884e-34 2.3449377e-31 ... 4.5099620e-24
  3.1960315e-30 1.4771613e-19]] [[1.26670005e-17 2.16612764e-24 3.04852727e-15 ... 9.98498380e-31
  3.08130110e-21 2.59552904e-12]] [[1.2078617e-18 7.5956496e-22 1.5982938e-21 ... 1.1212886e-29
  6.0977346e-30 1.3553769e-16]] [[7.9232251e-24 2.9241059e-36 1.3277095e-25 ... 1.0375197e-36
  5.2908090e-23 5.7132059e-15]] [[5.5088832e-37 3.5017887e-24 0.0000000e+00 ... 3.7199941e-23
  4.6797561e-21 3.5354019e-22]] [[8.5102370e-26 1.2159545e-35 7.0972876e-27 ... 3.5198669e-18
  1.1130222e-18 3.9574066e-23]] [[1.2145529e-23 1.3517639e-27 1.0031467e-30 ... 2.0589357e-30
  2.7800081e-33 2.8801880e-23]] [[1.6070528e-23 2.7704793e-27 2.0809667e-30 ... 4.2663821e-30
  7.1321173e-33 7.2587989e-23]] [[4.5713919e-34 0.0000000e+00 1.0541561e-30 ... 6.7557444e-26
  6.7511469e-15 1.0750627e-14]] [[0.0000000e+00 7.7105890e-37 0.0000000e+00 ... 7.1095298e-38
  1.4291374e-28 4.0699971e-33]] [[1.4556451e-22 1.9514576e-25 4.6473669e-20 ... 8.3450328e-34
  9.2210126e-28 1.9902407e-20]] [[7.2642202e-28 6.9433611e-31 2.8023862e-24 ... 3.2774858e-23
  4.7284560e-15 3.0754459e-18]] [[9.7882358e-24 3.4026767e-33 9.8824073e-31 ... 3.9069468e-36
  6.1562144e-18 7.8842273e-18]] [[1.6872612e-18 1.2722495e-21 4.2312151e-28 ... 8.8924481e-22
  1.1523400e-30 1.4068109e-32]] [[1.5384349e-30 1.7016465e-28 6.4007249e-26 ... 4.4103707e-35
  1.7341275e-31 2.4225844e-14]] [[1.7398900e-17 3.5122487e-32 1.2857134e-30 ... 1.9774162e-22
  4.5586867e-29 3.8086266e-18]] [[1.94723130e-17 1.07516314e-23 1.85609737e-15 ... 4.71774784e-30
  5.25164087e-21 8.44415943e-12]] [[1.54622701e-18 3.80802531e-21 1.38732790e-21 ... 6.36897690e-29
  1.14499996e-29 4.52874847e-16]] [[1.3076600e-23 2.1881513e-35 7.4102543e-26 ... 7.4178795e-36
  1.1115684e-22 1.3238025e-14]] [[7.1940834e-35 2.5029369e-21 1.6245708e-37 ... 1.6259364e-20
  7.0014816e-19 3.6953363e-20]] [[6.3199752e-26 5.0526736e-35 3.5403581e-27 ... 1.0506570e-17
  1.7090508e-18 4.1795018e-23]] [[8.1247309e-24 5.4634657e-27 5.0065334e-31 ... 5.0250755e-30
  3.1935559e-33 2.5272775e-23]] [[1.6469649e-23 1.3248971e-26 1.2456441e-30 ... 1.4147293e-29
  1.1686654e-32 9.3342888e-23]] [[1.0233094e-33 0.0000000e+00 1.3997092e-30 ... 4.0251120e-25
  2.2325786e-14 2.9959650e-14]] [[0.0000000e+00 3.3962219e-36 0.0000000e+00 ... 1.5814205e-37
  2.2776998e-28 4.9492728e-33]] [[1.7913374e-22 1.2949400e-24 9.8998927e-20 ... 3.0901109e-33
  3.3503042e-27 4.4211094e-20]] [[8.5701533e-28 3.3816663e-30 3.4630461e-24 ... 9.2961357e-23
  1.1369917e-14 3.1921307e-18]] [[7.5818037e-24 7.9526917e-33 9.8186231e-31 ... 7.3487166e-36
  1.0038927e-17 8.2175108e-18]] [[2.1512306e-18 4.1547856e-21 6.5792227e-28 ... 2.4267118e-21
  2.9142358e-30 2.1347190e-32]] [[2.8137193e-30 1.2843796e-27 1.6437134e-25 ... 2.4916042e-34
  1.0050515e-30 5.0174830e-14]] [[1.0186987e-16 7.9063853e-31 1.9401192e-29 ... 3.6172859e-21
  9.1621071e-28 3.4004928e-17]] [[1.9950576e-17 5.5100060e-23 5.3891586e-15 ... 2.1787930e-29
  2.4716588e-20 1.5501668e-11]] [[1.9417571e-18 1.0922260e-20 3.0108110e-21 ... 2.2268786e-28
  4.6354419e-29 4.2788608e-16]] [[2.3636532e-23 7.9438255e-35 2.2530121e-25 ... 3.3191937e-35
  5.5268176e-22 2.5239517e-14]] [[1.0438480e-33 4.4225250e-20 3.2566869e-36 ... 5.4128300e-19
  1.9719496e-17 2.9756186e-19]] [[4.5009802e-26 6.4241518e-35 5.0388748e-27 ... 2.4610253e-17
  3.6867485e-18 3.7676505e-23]] [[5.4461038e-23 5.5310150e-26 4.7089706e-30 ... 1.3466398e-28
  6.9492658e-32 2.1959820e-22]] [[1.9142895e-22 2.6437796e-25 1.8179730e-29 ... 1.1519312e-27
  5.4986701e-31 1.4609445e-21]] [[1.0332998e-33 1.8714801e-38 1.8236215e-30 ... 1.6822484e-24
  5.3559184e-14 3.5525727e-14]] [[0.0000000e+00 2.3424939e-36 0.0000000e+00 ... 2.3193474e-37
  2.3138532e-28 2.6748387e-33]] 0.00088747917 0.0011346883 0.0010267624 0.0010676852 0.00092934055 0.0012536306 0.0013659444 0.0010954103 0.0010076957 0.00096114597 0.0010612131 0.0014035169 0.0010562738 0.0012654277 0.0012644868 0.0008872826 0.0011340812 0.0010261772 0.0010630402 0.00092909246 0.0012533945 0.0013657719 0.0010954143 0.0010075389 0.0009608691 0.0010615475 0.0014035022 0.0010519549 0.0012640002 0.0012630459 0.0008870903 0.0011334697 0.001025589 0.0010584762 0.00092885195 0.0012531605 0.001365595 0.0010954301 0.0010073856 0.0009605955 0.0010618727 0.0014034862 0.001047816 0.0012625393 0.0012615701 0.00088690076 0.0011328576 0.0010249917 0.0010540052 0.000928617 0.0012529318 0.0013654125 0.0010954571 0.0010072332 0.00096032495 0.0010621997 0.0014034694 0.0010438588 0.0012610593 0.0012600768 0.0008867138 0.0011322486 0.001024392 0.0010496302 0.00092838757 0.0012527098 0.0013652252 0.0010954998 0.0010070803 0.0009600564 0.0010625251 0.001403452 0.0010400878 0.0012595513 0.0012585536 0.00088653126 0.0011316402 0.0010237844 0.0010453573 0.0009281596 0.0012524951 0.0013650298 0.0010955518 0.0010069296 0.0009597923 0.001062848 0.0014034334 0.0010365036 0.0012580084 0.001256996 0.0008863516 0.0011310279 0.0010231716 0.0010411894 0.00092793343 0.0012522866 0.0013648276 0.0010956147 0.0010067808 0.00095953204 0.0010631742 0.0014034132 0.0010331046 0.001256433 0.0012554071 0.00088617567 0.0011304095 0.0010225474 0.0010371316 0.0009277126 0.0012520866 0.0013646187 0.0010956979 0.0010066312 0.00095927436 0.0010634941 0.0014033924 0.0010298933 0.0012548314 0.0012537913 0.00088600384 0.0011297916 0.0010219202 0.0010331909 0.00092749373 0.0012518928 0.0013644048 0.0010957868 0.0010064866 0.00095902215 0.0010638108 0.0014033711 0.0010268586 0.0012532043 0.0012521483 0.0008858374 0.0011291733 0.0010212898 0.0010293602 0.00092727813 0.0012517071 0.0013641844 0.001095891 0.0010063418 0.00095877127 0.001064129 0.0014033486 0.0010240009 0.0012515492 0.0012504765 0.00088567316 0.0011285509 0.0010206527 0.0010256429 0.0009270676 0.0012515266 0.0013639559 0.0010960104 0.0010061924 0.0009585223 0.0010644402 0.0014033247 0.0010213171 0.0012498632 